Évaluation des performances:
Précision globale (accuracy) : 24.62%
Précision (moyenne pondérée) : 32.31%
Rappel (moyenne pondérée) : 24.62%
F1 Score (moyenne pondérée) : 27.03%
Taux d'erreur : 75.38%

Rapport de Classification :
              precision    recall  f1-score   support

                   0.00      0.00      0.00         0
           #       0.00      0.00      0.00         0
          #二       0.00      0.00      0.00         0
           $       0.00      0.00      0.00         0
           G       0.00      0.00      0.00         1
           m       0.00      0.00      0.00         1
           ~       0.00      0.00      0.00         0
           一       0.00      0.00      0.00         1
           严       0.00      0.00      0.00         0
           个       0.00      0.00      0.00         1
           中       0.00      0.00      0.00         1
           为       1.00      1.00      1.00         1
          乍|       0.00      0.00      0.00         0
           习       0.00      0.00      0.00         0
           事       0.00      0.00      0.00         1
           人       0.00      0.00      0.00         1
           以       0.00      0.00      0.00         2
           做       0.00      0.00      0.00         1
           划       0.00      0.00      0.00         1
           剡       0.00      0.00      0.00         0
           功       1.00      1.00      1.00         1
           原       0.00      0.00      0.00         1
           友       0.00      0.00      0.00         0
           口       0.00      0.00      0.00         1
           各       0.00      0.00      0.00         2
           吧       0.00      0.00      0.00         1
           和       0.00      0.00      0.00         1
           囚       0.00      0.00      0.00         0
           因       0.00      0.00      0.00         4
           在       1.00      1.00      1.00         1
           地       0.00      0.00      0.00         1
           大       0.00      0.00      0.00         0
           夭       0.00      0.00      0.00         0
           奸       0.00      0.00      0.00         0
           好       1.00      0.33      0.50         3
           安       0.00      0.00      0.00         1
           必       0.00      0.00      0.00         1
           情       0.00      0.00      0.00         1
           惯       0.00      0.00      0.00         0
           我       1.00      1.00      1.00         1
           所       0.00      0.00      0.00         2
           才       1.00      1.00      1.00         1
           执       0.00      0.00      0.00         0
           排       0.00      0.00      0.00         2
           敝       0.00      0.00      0.00         0
           旅       1.00      0.67      0.80         3
           是       1.00      1.00      1.00         1
           有       0.00      0.00      0.00         2
           来       0.00      0.00      0.00         1
          来_       0.00      0.00      0.00         0
           殂       0.00      0.00      0.00         0
           每       1.00      1.00      1.00         1
           比       0.00      0.00      0.00         0
           沔       0.00      0.00      0.00         0
           洒       0.00      0.00      0.00         1
           游       1.00      0.50      0.67         2
          游_       0.00      0.00      0.00         0
           潇       0.00      0.00      0.00         1
           热       0.00      0.00      0.00         1
           爱       1.00      0.50      0.67         2
           狈       0.00      0.00      0.00         0
           疟       0.00      0.00      0.00         0
           的       0.00      0.00      0.00         4
           看       0.00      0.00      0.00         1
           种       0.00      0.00      0.00         1
           能       1.00      1.00      1.00         1
           荤       0.00      0.00      0.00         0
           行       0.00      0.00      0.00         1
           要       0.00      0.00      0.00         1
           计       1.00      1.00      1.00         1
           课       1.00      1.00      1.00         2
           须       0.00      0.00      0.00         1

    accuracy                           0.25        65
   macro avg       0.19      0.17      0.18        65
weighted avg       0.32      0.25      0.27        65
